{
  "cells": [
    {
      "cell_type": "markdown",
      "metadata": {
        "id": "view-in-github",
        "colab_type": "text"
      },
      "source": [
        "<a href=\"https://colab.research.google.com/github/MeysamAmirsardari/PoseModel/blob/main/Jupyter%20Notebook/Modeling.ipynb\" target=\"_parent\"><img src=\"https://colab.research.google.com/assets/colab-badge.svg\" alt=\"Open In Colab\"/></a>"
      ]
    },
    {
      "cell_type": "markdown",
      "metadata": {
        "id": "sBWTNszZrFD7"
      },
      "source": [
        "# Installations:"
      ]
    },
    {
      "cell_type": "code",
      "execution_count": null,
      "metadata": {
        "colab": {
          "base_uri": "https://localhost:8080/"
        },
        "id": "aBy_gimR5BUl",
        "outputId": "de9e1569-034a-4067-bee8-b30ea7ce0c04"
      },
      "outputs": [
        {
          "output_type": "stream",
          "name": "stdout",
          "text": [
            "\u001b[?25l     \u001b[90m━━━━━━━━━━━━━━━━━━━━━━━━━━━━━━━━━━━━━━━━\u001b[0m \u001b[32m0.0/107.6 kB\u001b[0m \u001b[31m?\u001b[0m eta \u001b[36m-:--:--\u001b[0m\r\u001b[2K     \u001b[90m━━━━━━━━━━━━━━━━━━━━━━━━━━━━━━━━━━━━━━━\u001b[0m \u001b[32m107.6/107.6 kB\u001b[0m \u001b[31m5.0 MB/s\u001b[0m eta \u001b[36m0:00:00\u001b[0m\n",
            "\u001b[?25h  Preparing metadata (setup.py) ... \u001b[?25l\u001b[?25hdone\n",
            "  Building wheel for torch-scatter (setup.py) ... \u001b[?25l\u001b[?25hdone\n",
            "\u001b[2K     \u001b[90m━━━━━━━━━━━━━━━━━━━━━━━━━━━━━━━━━━━━━━━\u001b[0m \u001b[32m209.2/209.2 kB\u001b[0m \u001b[31m5.9 MB/s\u001b[0m eta \u001b[36m0:00:00\u001b[0m\n",
            "\u001b[?25h  Preparing metadata (setup.py) ... \u001b[?25l\u001b[?25hdone\n"
          ]
        }
      ],
      "source": [
        "!pip install -q torch-scatter -f https://data.pyg.org/whl/torch-1.10.0+cu113.html\n",
        "!pip install -q torch-sparse -f https://data.pyg.org/whl/torch-1.10.0+cu113.html\n",
        "!pip install -q git+https://github.com/pyg-team/pytorch_geometric.git"
      ]
    },
    {
      "cell_type": "markdown",
      "source": [
        "# Mount your Drive"
      ],
      "metadata": {
        "id": "7MqQAidtMhLk"
      }
    },
    {
      "cell_type": "code",
      "execution_count": 2,
      "metadata": {
        "colab": {
          "base_uri": "https://localhost:8080/"
        },
        "id": "YQ_ZsXccoJtI",
        "outputId": "2e56902e-518a-4b4c-978e-98b942b06d9e"
      },
      "outputs": [
        {
          "output_type": "stream",
          "name": "stdout",
          "text": [
            "Mounted at /content/drive\n"
          ]
        }
      ],
      "source": [
        "from google.colab import drive\n",
        "drive.mount('/content/drive')"
      ]
    },
    {
      "cell_type": "markdown",
      "metadata": {
        "id": "iII41_arrNfg"
      },
      "source": [
        "# Imports:"
      ]
    },
    {
      "cell_type": "code",
      "execution_count": 3,
      "metadata": {
        "id": "Ffvm4yhWrEPs"
      },
      "outputs": [],
      "source": [
        "import torch_geometric\n",
        "import numpy as np\n",
        "import torch\n",
        "import torch_geometric.datasets as datasets\n",
        "import torch_geometric.data as Data\n",
        "from torch_geometric.data import Data\n",
        "from torch_geometric.loader import DataLoader\n",
        "import torch_geometric.transforms as transforms\n",
        "import networkx as nx\n",
        "from torch_geometric.utils.convert import to_networkx\n",
        "#from torch_geometric.data import HeteroData"
      ]
    },
    {
      "cell_type": "code",
      "execution_count": 4,
      "metadata": {
        "id": "03dY8vSdICB-"
      },
      "outputs": [],
      "source": [
        "import numpy as np\n",
        "import torch\n",
        "import pandas as pd"
      ]
    },
    {
      "cell_type": "code",
      "execution_count": 5,
      "metadata": {
        "id": "ppRyKt1k8_Oy"
      },
      "outputs": [],
      "source": [
        "# Helper function for visualization.\n",
        "%matplotlib inline\n",
        "import matplotlib.pyplot as plt\n",
        "from sklearn.manifold import TSNE\n",
        "\n",
        "def visualize(h, color):\n",
        "    z = TSNE(n_components=2).fit_transform(h.detach().cpu().numpy())\n",
        "\n",
        "    plt.figure(figsize=(10,10))\n",
        "    plt.xticks([])\n",
        "    plt.yticks([])\n",
        "\n",
        "    plt.scatter(z[:, 0], z[:, 1], s=70, c=color, cmap=\"Set2\")\n",
        "    plt.show()"
      ]
    },
    {
      "cell_type": "markdown",
      "metadata": {
        "id": "y8e24aV8rSlx"
      },
      "source": [
        "# Loading the data:"
      ]
    },
    {
      "cell_type": "code",
      "source": [
        "!git clone https://github.com/MeysamAmirsardari/PoseModel"
      ],
      "metadata": {
        "colab": {
          "base_uri": "https://localhost:8080/"
        },
        "id": "W3XEKPLRS3ov",
        "outputId": "6b75f5e5-9cb7-4bc7-e92e-984a7805d58d"
      },
      "execution_count": 6,
      "outputs": [
        {
          "output_type": "stream",
          "name": "stdout",
          "text": [
            "Cloning into 'PoseModel'...\n",
            "remote: Enumerating objects: 143, done.\u001b[K\n",
            "remote: Counting objects:   1% (1/86)\u001b[K\rremote: Counting objects:   2% (2/86)\u001b[K\rremote: Counting objects:   3% (3/86)\u001b[K\rremote: Counting objects:   4% (4/86)\u001b[K\rremote: Counting objects:   5% (5/86)\u001b[K\rremote: Counting objects:   6% (6/86)\u001b[K\rremote: Counting objects:   8% (7/86)\u001b[K\rremote: Counting objects:   9% (8/86)\u001b[K\rremote: Counting objects:  10% (9/86)\u001b[K\rremote: Counting objects:  11% (10/86)\u001b[K\rremote: Counting objects:  12% (11/86)\u001b[K\rremote: Counting objects:  13% (12/86)\u001b[K\rremote: Counting objects:  15% (13/86)\u001b[K\rremote: Counting objects:  16% (14/86)\u001b[K\rremote: Counting objects:  17% (15/86)\u001b[K\rremote: Counting objects:  18% (16/86)\u001b[K\rremote: Counting objects:  19% (17/86)\u001b[K\rremote: Counting objects:  20% (18/86)\u001b[K\rremote: Counting objects:  22% (19/86)\u001b[K\rremote: Counting objects:  23% (20/86)\u001b[K\rremote: Counting objects:  24% (21/86)\u001b[K\rremote: Counting objects:  25% (22/86)\u001b[K\rremote: Counting objects:  26% (23/86)\u001b[K\rremote: Counting objects:  27% (24/86)\u001b[K\rremote: Counting objects:  29% (25/86)\u001b[K\rremote: Counting objects:  30% (26/86)\u001b[K\rremote: Counting objects:  31% (27/86)\u001b[K\rremote: Counting objects:  32% (28/86)\u001b[K\rremote: Counting objects:  33% (29/86)\u001b[K\rremote: Counting objects:  34% (30/86)\u001b[K\rremote: Counting objects:  36% (31/86)\u001b[K\rremote: Counting objects:  37% (32/86)\u001b[K\rremote: Counting objects:  38% (33/86)\u001b[K\rremote: Counting objects:  39% (34/86)\u001b[K\rremote: Counting objects:  40% (35/86)\u001b[K\rremote: Counting objects:  41% (36/86)\u001b[K\rremote: Counting objects:  43% (37/86)\u001b[K\rremote: Counting objects:  44% (38/86)\u001b[K\rremote: Counting objects:  45% (39/86)\u001b[K\rremote: Counting objects:  46% (40/86)\u001b[K\rremote: Counting objects:  47% (41/86)\u001b[K\rremote: Counting objects:  48% (42/86)\u001b[K\rremote: Counting objects:  50% (43/86)\u001b[K\rremote: Counting objects:  51% (44/86)\u001b[K\rremote: Counting objects:  52% (45/86)\u001b[K\rremote: Counting objects:  53% (46/86)\u001b[K\rremote: Counting objects:  54% (47/86)\u001b[K\rremote: Counting objects:  55% (48/86)\u001b[K\rremote: Counting objects:  56% (49/86)\u001b[K\rremote: Counting objects:  58% (50/86)\u001b[K\rremote: Counting objects:  59% (51/86)\u001b[K\rremote: Counting objects:  60% (52/86)\u001b[K\rremote: Counting objects:  61% (53/86)\u001b[K\rremote: Counting objects:  62% (54/86)\u001b[K\rremote: Counting objects:  63% (55/86)\u001b[K\rremote: Counting objects:  65% (56/86)\u001b[K\rremote: Counting objects:  66% (57/86)\u001b[K\rremote: Counting objects:  67% (58/86)\u001b[K\rremote: Counting objects:  68% (59/86)\u001b[K\rremote: Counting objects:  69% (60/86)\u001b[K\rremote: Counting objects:  70% (61/86)\u001b[K\rremote: Counting objects:  72% (62/86)\u001b[K\rremote: Counting objects:  73% (63/86)\u001b[K\rremote: Counting objects:  74% (64/86)\u001b[K\rremote: Counting objects:  75% (65/86)\u001b[K\rremote: Counting objects:  76% (66/86)\u001b[K\rremote: Counting objects:  77% (67/86)\u001b[K\rremote: Counting objects:  79% (68/86)\u001b[K\rremote: Counting objects:  80% (69/86)\u001b[K\rremote: Counting objects:  81% (70/86)\u001b[K\rremote: Counting objects:  82% (71/86)\u001b[K\rremote: Counting objects:  83% (72/86)\u001b[K\rremote: Counting objects:  84% (73/86)\u001b[K\rremote: Counting objects:  86% (74/86)\u001b[K\rremote: Counting objects:  87% (75/86)\u001b[K\rremote: Counting objects:  88% (76/86)\u001b[K\rremote: Counting objects:  89% (77/86)\u001b[K\rremote: Counting objects:  90% (78/86)\u001b[K\rremote: Counting objects:  91% (79/86)\u001b[K\rremote: Counting objects:  93% (80/86)\u001b[K\rremote: Counting objects:  94% (81/86)\u001b[K\rremote: Counting objects:  95% (82/86)\u001b[K\rremote: Counting objects:  96% (83/86)\u001b[K\rremote: Counting objects:  97% (84/86)\u001b[K\rremote: Counting objects:  98% (85/86)\u001b[K\rremote: Counting objects: 100% (86/86)\u001b[K\rremote: Counting objects: 100% (86/86), done.\u001b[K\n",
            "remote: Compressing objects: 100% (70/70), done.\u001b[K\n",
            "remote: Total 143 (delta 32), reused 37 (delta 11), pack-reused 57\u001b[K\n",
            "Receiving objects: 100% (143/143), 9.55 MiB | 3.09 MiB/s, done.\n",
            "Resolving deltas: 100% (49/49), done.\n"
          ]
        }
      ]
    },
    {
      "cell_type": "code",
      "execution_count": 7,
      "metadata": {
        "colab": {
          "base_uri": "https://localhost:8080/"
        },
        "id": "bDo-xD0ErEwY",
        "outputId": "27463efb-b8c2-4580-bdc8-8dbf5d9bc451"
      },
      "outputs": [
        {
          "output_type": "stream",
          "name": "stderr",
          "text": [
            "<ipython-input-7-587cd7d3e70e>:3: DtypeWarning: Columns (0,1,2,3,4,5,6,7,8,9,10,11,12,13,14,15,16,17,18,19,20,21,22,23,24,25,26,27,28,29,30,31,32,33,34,35,36,37,38,39,40,41,42,43,44,45,46,47,48,49,50,51,52,53,54) have mixed types. Specify dtype option on import or set low_memory=False.\n",
            "  df = pd.read_csv(path, index_col=None, header=0, encoding=\"utf-8\")\n",
            "<ipython-input-7-587cd7d3e70e>:9: DtypeWarning: Columns (0,1,2,3,4,5,6,7,8,9,10,11,12,13,14,15,16,17,18,19,20,21,22,23,24,25,26,27,28,29,30,31,32,33,34,35,36,37,38,39,40,41,42,43,44,45,46,47,48,49,50,51,52,53,54) have mixed types. Specify dtype option on import or set low_memory=False.\n",
            "  df = pd.read_csv(path, index_col=None, header=1, encoding=\"utf-8\").drop(index=range(2))\n"
          ]
        }
      ],
      "source": [
        "path = '/content/PoseModel/Datasets/Test.csv'\n",
        "\n",
        "df = pd.read_csv(path, index_col=None, header=0, encoding=\"utf-8\")\n",
        "temp = df.head(1).values.tolist()[0]\n",
        "labels = []\n",
        "for i in range(1, 54, 3):\n",
        "  labels.append(temp[i])\n",
        "\n",
        "df = pd.read_csv(path, index_col=None, header=1, encoding=\"utf-8\").drop(index=range(2))"
      ]
    },
    {
      "cell_type": "markdown",
      "metadata": {
        "id": "VBSHpFtErXtF"
      },
      "source": [
        "# Modeling the graph:"
      ]
    },
    {
      "cell_type": "code",
      "source": [
        "Xs = []\n",
        "Ys = []\n",
        "CLs = []\n",
        "\n",
        "for l in labels:\n",
        "  Xs.append(df[l].values.astype(float).tolist())\n",
        "  Ys.append(df[l+'.1'].values.astype(float).tolist())\n",
        "  CLs.append(df[l+'.2'].values.astype(float).tolist())\n",
        "\n",
        "Xs = np.array(Xs)\n",
        "Ys = np.array(Ys)\n",
        "CLs = np.array(CLs)\n",
        "\n",
        "weighted_mean = np.sum(Xs * CLs, axis=1) / np.sum(CLs, axis=1)\n",
        "norm_Xs = (Xs - weighted_mean[:, np.newaxis])/350\n",
        "\n",
        "weighted_mean = np.sum(Ys * CLs, axis=1) / np.sum(CLs, axis=1)\n",
        "norm_Ys = (Ys - weighted_mean[:, np.newaxis])/720"
      ],
      "metadata": {
        "id": "bmtMTtZ0Mw-c"
      },
      "execution_count": null,
      "outputs": []
    },
    {
      "cell_type": "code",
      "source": [
        "# from sklearn.feature_selection import mutual_info_regression\n",
        "\n",
        "# mi_matrix_X = np.zeros((18, 18))\n",
        "# mi_matrix_Y = np.zeros((18, 18))\n",
        "# mi_matrix_CL = np.zeros((18, 18))\n",
        "\n",
        "# for i in range(18):\n",
        "#     for j in range(i+1, 18):\n",
        "         \n",
        "#         mi_X = mutual_info_regression(norm_Xs[i], norm_Xs[j], discrete_features=False)\n",
        "#         mi_Y = mutual_info_regression(norm_Ys[i], norm_Ys[j], discrete_features=False)\n",
        "#         mi_CL = mutual_info_regression(CLs[i], CLs[j], discrete_features=False)\n",
        "        \n",
        "#         mi_matrix_X[i, j] = mi_X\n",
        "#         mi_matrix_X[j, i] = mi_X\n",
        "#         mi_matrix_Y[i, j] = mi_Y\n",
        "#         mi_matrix_Y[j, i] = mi_Y\n",
        "#         mi_matrix_CL[i, j] = mi_CL\n",
        "#         mi_matrix_CL[j, i] = mi_CL\n",
        "        "
      ],
      "metadata": {
        "id": "YGZobQpwMz_v"
      },
      "execution_count": null,
      "outputs": []
    },
    {
      "cell_type": "code",
      "execution_count": 9,
      "metadata": {
        "colab": {
          "base_uri": "https://localhost:8080/"
        },
        "id": "ck_TaIWHNUbU",
        "outputId": "210e190d-19e9-47fd-cd21-ea9c4b76f704"
      },
      "outputs": [
        {
          "output_type": "stream",
          "name": "stdout",
          "text": [
            "[[1.         0.94908408 0.93980903 0.59991523 0.63946063 0.83034849\n",
            "  0.8252035  0.81355121 0.66410295 0.77634551 0.76065985 0.55054154\n",
            "  0.52658398 0.19743987 0.61739548 0.60999778 0.55439148 0.97429513]\n",
            " [0.94908408 1.         0.91523518 0.6064785  0.62418186 0.85539316\n",
            "  0.7936268  0.82862571 0.65117483 0.78389374 0.72775083 0.56115346\n",
            "  0.53050381 0.21021096 0.61623938 0.62219154 0.56390192 0.94811628]\n",
            " [0.93980903 0.91523518 1.         0.57469535 0.68651147 0.78977271\n",
            "  0.83532133 0.78939006 0.67783015 0.74203745 0.7390282  0.54836145\n",
            "  0.54049349 0.18287964 0.62865023 0.59622682 0.56333622 0.93633492]\n",
            " [0.59991523 0.6064785  0.57469535 1.         0.39510826 0.53528559\n",
            "  0.55246602 0.56708888 0.49906882 0.53126238 0.50434884 0.44704423\n",
            "  0.43125568 0.06306662 0.46894976 0.47590327 0.439365   0.60676342]\n",
            " [0.63946063 0.62418186 0.68651147 0.39510826 1.         0.59128252\n",
            "  0.66602965 0.6043194  0.54196246 0.55608053 0.55982752 0.46248744\n",
            "  0.4699478  0.20170219 0.53835368 0.44728879 0.43783741 0.65477729]\n",
            " [0.83034849 0.85539316 0.78977271 0.53528559 0.59128252 1.\n",
            "  0.7911771  0.90854673 0.68100018 0.82609533 0.72151049 0.73101835\n",
            "  0.65748013 0.33379898 0.70232421 0.74183163 0.65282523 0.83867337]\n",
            " [0.8252035  0.7936268  0.83532133 0.55246602 0.66602965 0.7911771\n",
            "  1.         0.82207178 0.79064308 0.74333331 0.81094396 0.67958572\n",
            "  0.7083058  0.23505242 0.76570412 0.68162901 0.66657786 0.83432113]\n",
            " [0.81355121 0.82862571 0.78939006 0.56708888 0.6043194  0.90854673\n",
            "  0.82207178 1.         0.73418213 0.88905382 0.76320892 0.76505828\n",
            "  0.70520207 0.35019046 0.75090425 0.78366587 0.70113912 0.81612286]\n",
            " [0.66410295 0.65117483 0.67783015 0.49906882 0.54196246 0.68100018\n",
            "  0.79064308 0.73418213 1.         0.63296974 0.71536362 0.61523232\n",
            "  0.65728179 0.16336759 0.69350301 0.58087817 0.60142532 0.65787649]\n",
            " [0.77634551 0.78389374 0.74203745 0.53126238 0.55608053 0.82609533\n",
            "  0.74333331 0.88905382 0.63296974 1.         0.74929762 0.63243112\n",
            "  0.58971129 0.29701678 0.66439642 0.73007575 0.64602815 0.78173624]\n",
            " [0.76065985 0.72775083 0.7390282  0.50434884 0.55982752 0.72151049\n",
            "  0.81094396 0.76320892 0.71536362 0.74929762 1.         0.55688871\n",
            "  0.56655138 0.21010471 0.66579053 0.62389912 0.60990499 0.76081198]\n",
            " [0.55054154 0.56115346 0.54836145 0.44704423 0.46248744 0.73101835\n",
            "  0.67958572 0.76505828 0.61523232 0.63243112 0.55688871 1.\n",
            "  0.88378013 0.38960734 0.74622482 0.79134978 0.70401259 0.55861791]\n",
            " [0.52658398 0.53050381 0.54049349 0.43125568 0.4699478  0.65748013\n",
            "  0.7083058  0.70520207 0.65728179 0.58971129 0.56655138 0.88378013\n",
            "  1.         0.3208027  0.79658522 0.75696999 0.74001796 0.53550975]\n",
            " [0.19743987 0.21021096 0.18287964 0.06306662 0.20170219 0.33379898\n",
            "  0.23505242 0.35019046 0.16336759 0.29701678 0.21010471 0.38960734\n",
            "  0.3208027  1.         0.29499608 0.39763635 0.26298489 0.19884716]\n",
            " [0.61739548 0.61623938 0.62865023 0.46894976 0.53835368 0.70232421\n",
            "  0.76570412 0.75090425 0.69350301 0.66439642 0.66579053 0.74622482\n",
            "  0.79658522 0.29499608 1.         0.74970761 0.83847223 0.62888684]\n",
            " [0.60999778 0.62219154 0.59622682 0.47590327 0.44728879 0.74183163\n",
            "  0.68162901 0.78366587 0.58087817 0.73007575 0.62389912 0.79134978\n",
            "  0.75696999 0.39763635 0.74970761 1.         0.77019546 0.62006082]\n",
            " [0.55439148 0.56390192 0.56333622 0.439365   0.43783741 0.65282523\n",
            "  0.66657786 0.70113912 0.60142532 0.64602815 0.60990499 0.70401259\n",
            "  0.74001796 0.26298489 0.83847223 0.77019546 1.         0.57280491]\n",
            " [0.97429513 0.94811628 0.93633492 0.60676342 0.65477729 0.83867337\n",
            "  0.83432113 0.81612286 0.65787649 0.78173624 0.76081198 0.55861791\n",
            "  0.53550975 0.19884716 0.62888684 0.62006082 0.57280491 1.        ]]\n"
          ]
        }
      ],
      "source": [
        "Xs_cov = np.corrcoef(Xs)\n",
        "Ys_cov = np.corrcoef(Ys)\n",
        "edj_attr_matrix = (np.square(Ys_cov) + np.square(Xs_cov))/2\n",
        "print(edj_attr_matrix.astype(np.double))"
      ]
    },
    {
      "cell_type": "code",
      "execution_count": 10,
      "metadata": {
        "id": "fk5z2hqeyph1"
      },
      "outputs": [],
      "source": [
        "def set_nodes(Xs, Ys, CLs, off_idx, land_mark_num, epoch_len, encoders=None):\n",
        "  x = torch.tensor([])\n",
        "\n",
        "  for n in range(epoch_len):\n",
        "    for i in range(land_mark_num):\n",
        "      step = torch.tensor([[float(Xs[i, n + off_idx])], \n",
        "                           [float(Ys[i, n + off_idx])], \n",
        "                           [float(CLs[i, n + off_idx])]], \n",
        "                          dtype=torch.float)\n",
        "      x = torch.cat((x, step.T), dim=0)\n",
        "  return x"
      ]
    },
    {
      "cell_type": "code",
      "execution_count": 11,
      "metadata": {
        "id": "LG0VDpIBB8YX"
      },
      "outputs": [],
      "source": [
        "num_landmarks = 18\n",
        "num_layers = 120\n",
        "edge_index = []\n",
        "edge_attr = []\n",
        "\n",
        "# Connect each landmark to all other landmarks in the same layer\n",
        "for layer in range(num_layers):\n",
        "    start = layer * num_landmarks\n",
        "    layer_edges = [(i, j) for i in range(start, start + num_landmarks) for j in range(start, start + num_landmarks) if i != j]\n",
        "    layer_edges = [[edge[0], edge[1]] for edge in layer_edges]\n",
        "    edge_index.extend(layer_edges)\n",
        "    edge_attr.extend([edj_attr_matrix[i % num_landmarks, j % num_landmarks] for i, j in layer_edges])\n",
        "\n",
        "# Connect each landmark to the same landmark in the next layer\n",
        "for layer in range(num_layers - 1):\n",
        "    start1 = layer * num_landmarks\n",
        "    start2 = (layer + 1) * num_landmarks\n",
        "    layer_edges = [[i, j] for i in range(start1, start1 + num_landmarks) for j in range(start2, start2 + num_landmarks) if i % num_landmarks == j % num_landmarks]\n",
        "    edge_index.extend(layer_edges)\n",
        "    edge_attr.extend([1 for _ in layer_edges])\n",
        "    \n",
        "edge_index = torch.tensor(edge_index).double().t().contiguous()\n",
        "edge_attr = torch.tensor(edge_attr).unsqueeze(-1)\n"
      ]
    },
    {
      "cell_type": "code",
      "execution_count": 12,
      "metadata": {
        "id": "pAAUWjeT0Ybg"
      },
      "outputs": [],
      "source": [
        "epoch_len = 120\n",
        "land_mark_num = 18\n",
        "len = df.shape[0]-1\n",
        "overlap = 0.5\n",
        "graph_list = []\n",
        "order = []\n",
        "count = 0\n",
        "step = 10\n",
        "\n",
        "#edge_index, edge_attr = set_edges(epoch_len, land_mark_num)\n",
        "\n",
        "for i in range(1, len-epoch_len, step):\n",
        "  x = set_nodes(norm_Xs, norm_Ys, CLs, i, land_mark_num, epoch_len)\n",
        "  data = Data(x=x, edge_index=edge_index, edge_attr=edge_attr)\n",
        "  graph_list.append(data)\n",
        "  count = count + 1\n",
        "  order.append((count, i))\n",
        "\n",
        "graph_num = count"
      ]
    },
    {
      "cell_type": "markdown",
      "metadata": {
        "id": "7xQZ3Lm_85c-"
      },
      "source": [
        "* **Create and save the dataset:**"
      ]
    },
    {
      "cell_type": "code",
      "execution_count": null,
      "metadata": {
        "id": "hrkPjAxNjBOW"
      },
      "outputs": [],
      "source": [
        "loader = DataLoader(graph_list, batch_size=16)\n",
        "torch.save(loader, '/content/drive/MyDrive/Test_loader_for_step10.pth')\n",
        "\n",
        "pd.DataFrame(order).to_csv('/content/drive/MyDrive/order.csv')"
      ]
    },
    {
      "cell_type": "code",
      "execution_count": null,
      "metadata": {
        "colab": {
          "base_uri": "https://localhost:8080/"
        },
        "id": "6d3U5yUuefay",
        "outputId": "32906a0f-3b30-4a0c-b056-df8c5aaf5b64"
      },
      "outputs": [
        {
          "name": "stdout",
          "output_type": "stream",
          "text": [
